0.011286
0.013062
0.014722
0.016292
0.017788
0.019223
0.020605
0.021942
0.023238
0.024499
0.025728
0.026928
0.028102
0.029251
0.030378
0.031484
0.032571
0.033640
0.034692
0.035729
0.036750
0.037757
0.038751
0.039732
0.040701
0.041659
0.042606
0.043542
0.044468
0.045385
0.046292
0.047191
0.048081
0.048963
0.049837
0.050703
0.051562
0.052414
0.053258
0.054097
0.054928
0.055754
0.056573
0.057387
0.058194
0.058996
0.059793
0.060585
0.061371
0.062152
0.062928
0.063700
0.064467
0.065229
0.065987
0.066741
0.067490
0.068235
0.068976
0.069713
0.070447
0.071176
0.071902
0.072624
0.073342
0.074057
0.074769
0.075477
0.076182
0.076884
0.077582
0.078277
0.078970
0.079659
0.080345
0.081028
0.081709
0.082387
0.083061
0.083734
0.084403
0.085070
0.085734
0.086396
0.087055
0.087711
0.088366
0.089017
0.089667
0.090314
0.090959
0.091601
0.092241
0.092879
0.093515
0.094149
0.094781
0.095410
0.096037
0.096663
0.097286
0.097908
0.098527
0.099145
0.099760
0.100374
0.100986
0.101596
0.102204
0.102810
0.103415
0.104018
0.104619
0.105218
0.105816
0.106412
0.107006
0.107599
0.108190
0.108780
0.109368
0.109954
0.110539
0.111122
0.111704
0.112284
0.112863
0.113440
0.114016
0.114591
0.115164
0.115735
0.116305
0.116874
0.117442
0.118008
0.118572
0.119136
0.119698
0.120259
0.120818
0.121376
0.121933
0.122489
0.123043
0.123597
0.124149
0.124699
0.125249
0.125797
0.126345
0.126891
0.127435
0.127979
0.128522
0.129063
0.129604
0.130143
0.130681
0.131218
0.131754
0.132289
0.132822
0.133355
0.133887
0.134418
0.134947
0.135476
0.136003
0.136530
0.137056
0.137580
0.138104
0.138626
0.139148
0.139669
0.140189
0.140707
0.141225
0.141742
0.142258
0.142773
0.143287
0.143801
0.144313
0.144825
0.145335
0.145845
0.146354
0.146862
0.147369
0.147875
0.148380
0.148885
0.149389
0.149892
0.150394
0.150895
0.151395
0.151895
0.152394
0.152892
0.153389
0.153886
0.154381
0.154876
0.155370
0.155864
0.156356
0.156848
0.157339
0.157830
0.158319
0.158808
0.159296
0.159784
0.160270
0.160756
0.161241
0.161726
0.162210
0.162693
0.163175
0.163657
0.164138
0.164618
0.165098
0.165577
0.166055
0.166533
0.167010
0.167486
0.167962
0.168437
0.168911
0.169385
0.169858
0.170331
0.170803
0.171274
0.171744
0.172214
0.172684
0.173152
0.173620
0.174088
0.174555
0.175021
0.175487
0.175952
0.176416
0.176880
0.177343
0.177806
0.178268
0.178730
0.179191
0.179651
0.180111
0.180570
0.181029
0.181487
0.181945
0.182402
0.182858
0.183314
0.183770
0.184224
0.184679
0.185133
0.185586
0.186039
0.186491
0.186942
0.187394
0.187844
0.188294
0.188744
0.189193
0.189642
0.190090
0.190537
0.190984
0.191431
0.191877
0.192322
0.192767
0.193212
0.193656
0.194100
0.194543
0.194986
0.195428
0.195869
0.196311
0.196751
0.197192
0.197631
0.198071
0.198510
0.198948
0.199386
0.199824
0.200261
0.200697
0.201133
0.201569
0.202004
0.202439
0.202873
0.203307
0.203741
0.204174
0.204607
0.205039
0.205470
0.205902
0.206333
0.206763
0.207193
0.207623
0.208052
0.208481
0.208909
0.209337
0.209765
0.210192
0.210619
0.211045
0.211471
0.211896
0.212322
0.212746
0.213171
0.213594
0.214018
0.214441
0.214864
0.215286
0.215708
0.216130
0.216551
0.216972
0.217392
0.217812
0.218232
0.218651
0.219070
0.219489
0.219907
0.220325
0.220742
0.221159
0.221576
0.221992
0.222408
0.222824
0.223239
0.223654
0.224069
0.224483
0.224897
0.225310
0.225723
0.226136
0.226548
0.226960
0.227372
0.227784
0.228195
0.228605
0.229016
0.229426
0.229835
0.230245
0.230654
0.231062
0.231471
0.231879
0.232286
0.232694
0.233101
0.233507
0.233914
0.234320
0.234726
0.235131
0.235536
0.235941
0.236345
0.236749
0.237153
0.237557
0.237960
0.238363
0.238765
0.239168
0.239570
0.239971
0.240372
0.240773
0.241174
0.241575
0.241975
0.242375
0.242774
0.243173
0.243572
0.243971
0.244369
0.244767
0.245165
0.245562
0.245959
0.246356
0.246753
0.247149
0.247545
0.247941
0.248336
0.248731
0.249126
0.249521
0.249915
0.250309
0.250703
0.251096
0.251489
0.251882
0.252275
0.252667
0.253059
0.253451
0.253843
0.254234
0.254625
0.255016
0.255406
0.255796
0.256186
0.256576
0.256965
0.257354
0.257743
0.258132
0.258520
0.258908
0.259296
0.259684
0.260071
0.260458
0.260845
0.261231
0.261618
0.262004
0.262389
0.262775
0.263160
0.263545
0.263930
0.264315
0.264699
0.265083
0.265467
0.265850
0.266234
0.266617
0.266999
0.267382
0.267764
0.268146
0.268528
0.268910
0.269291
0.269672
0.270053
0.270434
0.270814
0.271195
0.271575
0.271954
0.272334
0.272713
0.273092
0.273471
0.273850
0.274228
0.274606
0.274984
0.275362
0.275739
0.276116
0.276493
0.276870
0.277247
0.277623
0.277999
0.278375
0.278751
0.279126
0.279501
0.279876
0.280251
0.280626
0.281000
0.281374
0.281748
0.282122
0.282495
0.282869
0.283242
0.283615
0.283987
0.284360
0.284732
0.285104
0.285476
0.285848
0.286219
0.286590
0.286961
0.287332
0.287703
0.288073
0.288443
0.288813
0.289183
0.289553
0.289922
0.290291
0.290660
0.291029
0.291398
0.291766
0.292134
0.292502
0.292870
0.293238
0.293605
0.293972
0.294339
0.294706
0.295073
0.295439
0.295806
0.296172
0.296538
0.296903
0.297269
0.297634
0.297999
0.298364
0.298729
0.299094
0.299458
0.299822
0.300186
0.300550
0.300914
0.301277
0.301641
0.302004
0.302367
0.302729
0.303092
0.303454
0.303817
0.304179
0.304540
0.304902
0.305264
0.305625
0.305986
0.306347
0.306708
0.307068
0.307429
0.307789
0.308149
0.308509
0.308869
0.309229
0.309588
0.309947
0.310306
0.310665
0.311024
0.311382
0.311741
0.312099
0.312457
0.312815
0.313173
0.313530
0.313888
0.314245
0.314602
0.314959
0.315316
0.315672
0.316029
0.316385
0.316741
0.317097
0.317453
0.317808
0.318164
0.318519
0.318874
0.319229
0.319584
0.319939
0.320293
0.320648
0.321002
0.321356
0.321710
0.322063
0.322417
0.322770
0.323124
0.323477
0.323830
0.324182
0.324535
0.324888
0.325240
0.325592
0.325944
0.326296
0.326648
0.326999
0.327351
0.327702
0.328053
0.328404
0.328755
0.329106
0.329456
0.329807
0.330157
0.330507
0.330857
0.331207
0.331557
0.331906
0.332256
0.332605
0.332954
0.333303
0.333652
0.334001
0.334349
0.334698
0.335046
0.335394
0.335742
0.336090
0.336438
0.336785
0.337133
0.337480
0.337827
0.338174
0.338521
0.338868
0.339214
0.339561
0.339907
0.340253
0.340600
0.340945
0.341291
0.341637
0.341983
0.342328
0.342673
0.343018
0.343363
0.343708
0.344053
0.344398
0.344742
0.345087
0.345431
0.345775
0.346119
0.346463
0.346806
0.347150
0.347494
0.347837
0.348180
0.348523
0.348866
0.349209
0.349552
0.349894
0.350237
0.350579
0.350921
0.351263
0.351605
0.351947
0.352289
0.352631
0.352972
0.353313
0.353655
0.353996
0.354337
0.354678
0.355018
0.355359
0.355700
0.356040
0.356380
0.356720
0.357060
0.357400
0.357740
0.358080
0.358419
0.358759
0.359098
0.359437
0.359777
0.360116
0.360454
0.360793
0.361132
0.361470
0.361809
0.362147
0.362485
0.362823
0.363161
0.363499
0.363837
0.364175
0.364512
0.364849
0.365187
0.365524
0.365861
0.366198
0.366535
0.366872
0.367208
0.367545
0.367881
0.368217
0.368554
0.368890
0.369226
0.369562
0.369897
0.370233
0.370569
0.370904
0.371239
0.371575
0.371910
0.372245
0.372580
0.372915
0.373249
0.373584
0.373918
0.374253
0.374587
0.374921
0.375255
0.375589
0.375923
0.376257
0.376591
0.376924
0.377258
0.377591
0.377924
0.378258
0.378591
0.378924
0.379257
0.379589
0.379922
0.380255
0.380587
0.380919
0.381252
0.381584
0.381916
0.382248
0.382580
0.382912
0.383243
0.383575
0.383907
0.384238
0.384569
0.384901
0.385232
0.385563
0.385894
0.386224
0.386555
0.386886
0.387216
0.387547
0.387877
0.388208
0.388538
0.388868
0.389198
0.389528
0.389858
0.390187
0.390517
0.390847
0.391176
0.391505
0.391835
0.392164
0.392493
0.392822
0.393151
0.393480
0.393808
0.394137
0.394466
0.394794
0.395123
0.395451
0.395779
0.396107
0.396435
0.396763
0.397091
0.397419
0.397747
0.398074
0.398402
0.398729
0.399056
0.399384
0.399711
0.400038
0.400365
0.400692
0.401019
0.401346
0.401672
0.401999
0.402325
0.402652
0.402978
0.403304
0.403631
0.403957
0.404283
0.404609
0.404934
0.405260
0.405586
0.405911
0.406237
0.406562
0.406888
0.407213
0.407538
0.407863
0.408189
0.408513
0.408838
0.409163
0.409488
0.409813
0.410137
0.410462
0.410786
0.411110
0.411435
0.411759
0.412083
0.412407
0.412731
0.413055
0.413379
0.413702
0.414026
0.414350
0.414673
0.414997
0.415320
0.415643
0.415966
0.416290
0.416613
0.416936
0.417259
0.417581
0.417904
0.418227
0.418549
0.418872
0.419194
0.419517
0.419839
0.420161
0.420484
0.420806
0.421128
0.421450
0.421772
0.422093
0.422415
0.422737
0.423059
0.423380
0.423702
0.424023
0.424344
0.424666
0.424987
0.425308
0.425629
0.425950
0.426271
0.426592
0.426913
0.427233
0.427554
0.427874
0.428195
0.428515
0.428836
0.429156
0.429476
0.429797
0.430117
0.430437
0.430757
0.431077
0.431397
0.431716
0.432036
0.432356
0.432675
0.432995
0.433314
0.433634
0.433953
0.434272
0.434591
0.434911
0.435230
0.435549
0.435868
0.436187
0.436505
0.436824
0.437143
0.437461
0.437780
0.438099
0.438417
0.438735
0.439054
0.439372
0.439690
0.440008
0.440326
0.440645
0.440962
0.441280
0.441598
0.441916
0.442234
0.442551
0.442869
0.443187
0.443504
0.443821
0.444139
0.444456
0.444773
0.445091
0.445408
0.445725
0.446042
0.446359
0.446676
0.446993
0.447309
0.447626
0.447943
0.448259
0.448576
0.448892
0.449209
0.449525
0.449842
0.450158
0.450474
0.450790
0.451106
0.451423
0.451739
0.452054
0.452370
0.452686
0.453002
0.453318
0.453633
0.453949
0.454265
0.454580
0.454896
0.455211
0.455526
0.455842
0.456157
0.456472
0.456787
0.457102
0.457417
0.457732
0.458047
0.458362
0.458677
0.458992
0.459307
0.459621
0.459936
0.460251
0.460565
0.460880
0.461194
0.461508
0.461823
0.462137
0.462451
0.462765
0.463079
0.463394
0.463708
0.464022
0.464335
0.464649
0.464963
0.465277
0.465591
0.465904
0.466218
0.466532
0.466845
0.467159
0.467472
0.467786
0.468099
0.468412
0.468725
0.469039
0.469352
0.469665
0.469978
0.470291
0.470604
0.470917
0.471230
0.471543
0.471856
0.472168
0.472481
0.472794
0.473106
0.473419
0.473731
0.474044
0.474356
0.474669
0.474981
0.475293
0.475606
0.475918
0.476230
0.476542
0.476854
0.477166
0.477478
0.477790
0.478102
0.478414
0.478726
0.479038
0.479349
0.479661
0.479973
0.480284
0.480596
0.480907
0.481219
0.481530
0.481842
0.482153
0.482464
0.482776
0.483087
0.483398
0.483709
0.484020
0.484332
0.484643
0.484954
0.485265
0.485575
0.485886
0.486197
0.486508
0.486819
0.487130
0.487440
0.487751
0.488061
0.488372
0.488683
0.488993
0.489304
0.489614
0.489924
0.490235
0.490545
0.490855
0.491165
0.491476
0.491786
0.492096
0.492406
0.492716
0.493026
0.493336
0.493646
0.493956
0.494266
0.494575
0.494885
0.495195
0.495505
0.495814
0.496124
0.496434
0.496743
0.497053
0.497362
0.497672
0.497981
0.498291
0.498600
0.498909
0.499219
0.499528
0.499837
0.500146
0.500455
0.500765
0.501074
0.501383
0.501692
0.502001
0.502310
0.502619
0.502927
0.503236
0.503545
0.503854
0.504163
0.504471
0.504780
0.505089
0.505397
0.505706
0.506015
0.506323
0.506632
0.506940
0.507249
0.507557
0.507865
0.508174
0.508482
0.508790
0.509099
0.509407
0.509715
0.510023
0.510331
0.510639
0.510947
0.511255
0.511564
0.511871
0.512179
0.512487
0.512795
0.513103
0.513411
0.513719
0.514027
0.514334
0.514642
0.514950
0.515257
0.515565
0.515873
0.516180
0.516488
0.516795
0.517103
0.517410
0.517718
0.518025
0.518333
0.518640
0.518947
0.519255
0.519562
0.519869
0.520176
0.520483
0.520791
0.521098
0.521405
0.521712
0.522019
0.522326
0.522633
0.522940
0.523247
0.523554
0.523861
0.524168
0.524475
0.524782
0.525088
0.525395
0.525702
0.526009
0.526315
0.526622
0.526929
0.527235
0.527542
0.527849
0.528155
0.528462
0.528768
0.529075
0.529381
0.529688
0.529994
0.530300
0.530607
0.530913
0.531220
0.531526
0.531832
0.532138
0.532445
0.532751
0.533057
0.533363
0.533669
0.533976
0.534282
0.534588
0.534894
0.535200
0.535506
0.535812
0.536118
0.536424
0.536730
0.537036
0.537342
0.537647
0.537953
0.538259
0.538565
0.538871
0.539177
0.539482
0.539788
0.540094
0.540399
0.540705
0.541011
0.541316
0.541622
0.541928
0.542233
0.542539
0.542844
0.543150
0.543455
0.543761
0.544066
0.544372
0.544677
0.544983
0.545288
0.545593
0.545899
0.546204
0.546509
0.546815
0.547120
0.547425
0.547730
0.548036
0.548341
0.548646
0.548951
0.549256
0.549562
0.549867
0.550172
0.550477
0.550782
0.551087
0.551392
0.551697
0.552002
0.552307
0.552612
0.552917
0.553222
0.553527
0.553832
0.554137
0.554442
0.554746
0.555051
0.555356
0.555661
0.555966
0.556271
0.556575
0.556880
0.557185
0.557490
0.557794
0.558099
0.558404
0.558708
0.559013
0.559318
0.559622
0.559927
0.560231
0.560536
0.560841
0.561145
0.561450
0.561754
0.562059
0.562363
0.562668
0.562972
0.563277
0.563581
0.563886
0.564190
0.564495
0.564799
0.565103
0.565408
0.565712
0.566016
0.566321
0.566625
0.566929
0.567234
0.567538
0.567842
0.568147
0.568451
0.568755
0.569059
0.569364
0.569668
0.569972
0.570276
0.570580
0.570885
0.571189
0.571493
0.571797
0.572101
0.572405
0.572709
0.573014
0.573318
0.573622
0.573926
0.574230
0.574534
0.574838
0.575142
0.575446
0.575750
0.576054
0.576358
0.576662
0.576966
0.577270
0.577574
0.577878
0.578182
0.578486
0.578790
0.579094
0.579398
0.579701
0.580005
0.580309
0.580613
0.580917
0.581221
0.581525
0.581829
0.582132
0.582436
0.582740
0.583044
0.583348
0.583651
0.583955
0.584259
0.584563
0.584867
0.585170
0.585474
0.585778
0.586082
0.586385
0.586689
0.586993
0.587297
0.587600
0.587904
0.588208
0.588511
0.588815
0.589119
0.589422
0.589726
0.590030
0.590333
0.590637
0.590941
0.591244
0.591548
0.591852
0.592155
0.592459
0.592763
0.593066
0.593370
0.593673
0.593977
0.594281
0.594584
0.594888
0.595191
0.595495
0.595799
0.596102
0.596406
0.596709
0.597013
0.597316
0.597620
0.597924
0.598227
0.598531
0.598834
0.599138
0.599441
0.599745
0.600048
0.600352
0.600655
0.600959
0.601263
0.601566
0.601870
0.602173
0.602477
0.602780
0.603084
0.603387
0.603691
0.603994
0.604298
0.604601
0.604905
0.605208
0.605512
0.605815
0.606119
0.606422
0.606726
0.607029
0.607333
0.607636
0.607940
0.608243
0.608547
0.608850
0.609154
0.609457
0.609760
0.610064
0.610367
0.610671
0.610974
0.611278
0.611581
0.611885
0.612188
0.612492
0.612795
0.613099
0.613402
0.613706
0.614009
0.614313
0.614616
0.614920
0.615223
0.615527
0.615830
0.616134
0.616437
0.616741
0.617044
0.617348
0.617651
0.617955
0.618258
0.618562
0.618865
0.619169
0.619472
0.619776
0.620079
0.620383
0.620686
0.620990
0.621293
0.621597
0.621900
0.622204
0.622507
0.622811
0.623115
0.623418
0.623722
0.624025
0.624329
0.624632
0.624936
0.625239
0.625543
0.625847
0.626150
0.626454
0.626757
0.627061
0.627364
0.627668
0.627972
0.628275
0.628579
0.628882
0.629186
0.629490
0.629793
0.630097
0.630401
0.630704
0.631008
0.631311
0.631615
0.631919
0.632222
0.632526
0.632830
0.633133
0.633437
0.633741
0.634045
0.634348
0.634652
0.634956
0.635259
0.635563
0.635867
0.636170
0.636474
0.636778
0.637082
0.637385
0.637689
0.637993
0.638297
0.638601
0.638904
0.639208
0.639512
0.639816
0.640120
0.640423
0.640727
0.641031
0.641335
0.641639
0.641943
0.642246
0.642550
0.642854
0.643158
0.643462
0.643766
0.644070
0.644374
0.644678
0.644982
0.645285
0.645589
0.645893
0.646197
0.646501
0.646805
0.647109
0.647413
0.647717
0.648021
0.648325
0.648629
0.648933
0.649237
0.649541
0.649846
0.650150
0.650454
0.650758
0.651062
0.651366
0.651670
0.651974
0.652278
0.652583
0.652887
0.653191
0.653495
0.653799
0.654103
0.654408
0.654712
0.655016
0.655320
0.655625
0.655929
0.656233
0.656537
0.656842
0.657146
0.657450
0.657755
0.658059
0.658363
0.658668
0.658972
0.659276
0.659581
0.659885
0.660190
0.660494
0.660798
0.661103
0.661407
0.661712
0.662016
0.662321
0.662625
0.662930
0.663234
0.663539
0.663843
0.664148
0.664453
0.664757
0.665062
0.665366
0.665671
0.665976
0.666280
0.666585
0.666890
0.667194
0.667499
0.667804
0.668108
0.668413
0.668718
0.669023
0.669327
0.669632
0.669937
0.670242
0.670547
0.670851
0.671156
0.671461
0.671766
0.672071
0.672376
0.672681
0.672986
0.673291
0.673596
0.673901
0.674206
0.674511
0.674816
0.675121
0.675426
0.675731
0.676036
0.676341
0.676646
0.676951
0.677256
0.677561
0.677867
0.678172
0.678477
0.678782
0.679087
0.679393
0.679698
0.680003
0.680308
0.680614
0.680919
0.681224
0.681530
0.681835
0.682141
0.682446
0.682751
0.683057
0.683362
0.683668
0.683973
0.684279
0.684584
0.684890
0.685195
0.685501
0.685806
0.686112
0.686418
0.686723
0.687029
0.687334
0.687640
0.687946
0.688252
0.688557
0.688863
0.689169
0.689475
0.689780
0.690086
0.690392
0.690698
0.691004
0.691310
0.691615
0.691921
0.692227
0.692533
0.692839
0.693145
0.693451
0.693757
0.694063
0.694369
0.694675
0.694981
0.695288
0.695594
0.695900
0.696206
0.696512
0.696818
0.697125
0.697431
0.697737
0.698043
0.698350
0.698656
0.698962
0.699269
0.699575
0.699882
0.700188
0.700494
0.700801
0.701107
0.701414
0.701720
0.702027
0.702333
0.702640
0.702947
0.703253
0.703560
0.703866
0.704173
0.704480
0.704787
0.705093
0.705400
0.705707
0.706014
0.706320
0.706627
0.706934
0.707241
0.707548
0.707855
0.708162
0.708469
0.708776
0.709083
0.709390
0.709697
0.710004
0.710311
0.710618
0.710925
0.711232
0.711539
0.711847
0.712154
0.712461
0.712768
0.713076
0.713383
0.713690
0.713997
0.714305
0.714612
0.714920
0.715227
0.715535
0.715842
0.716149
0.716457
0.716765
0.717072
0.717380
0.717687
0.717995
0.718303
0.718610
0.718918
0.719226
0.719533
0.719841
0.720149
0.720457
0.720765
0.721072
0.721380
0.721688
0.721996
0.722304
0.722612
0.722920
0.723228
0.723536
0.723844
0.724152
0.724460
0.724769
0.725077
0.725385
0.725693
0.726001
0.726310
0.726618
0.726926
0.727235
0.727543
0.727851
0.728160
0.728468
0.728777
0.729085
0.729394
0.729702
0.730011
0.730319
0.730628
0.730937
0.731245
0.731554
0.731863
0.732171
0.732480
0.732789
0.733098
0.733407
0.733715
0.734024
0.734333
0.734642
0.734951
0.735260
0.735569
0.735878
0.736187
0.736496
0.736805
0.737114
0.737424
0.737733
0.738042
0.738351
0.738661
0.738970
0.739279
0.739589
0.739898
0.740207
0.740517
0.740826
0.741136
0.741445
0.741755
0.742064
0.742374
0.742684
0.742993
0.743303
0.743613
0.743922
0.744232
0.744542
0.744852
0.745161
0.745471
0.745781
0.746091
0.746401
0.746711
0.747021
0.747331
0.747641
0.747951
0.748261
0.748571
0.748882
0.749192
0.749502
0.749812
0.750123
0.750433
0.750743
0.751054
0.751364
0.751674
0.751985
0.752295
0.752606
0.752916
0.753227
0.753538
0.753848
0.754159
0.754470
0.754780
0.755091
0.755402
0.755713
0.756023
0.756334
0.756645
0.756956
0.757267
0.757578
0.757889
0.758200
0.758511
0.758822
0.759133
0.759444
0.759756
0.760067
0.760378
0.760689
0.761001
0.761312
0.761623
0.761935
0.762246
0.762558
0.762869
0.763181
0.763492
0.763804
0.764115
0.764427
0.764739
0.765050
0.765362
0.765674
0.765986
0.766298
0.766609
0.766921
0.767233
0.767545
0.767857
0.768169
0.768481
0.768793
0.769105
0.769418
0.769730
0.770042
0.770354
0.770666
0.770979
0.771291
0.771603
0.771916
0.772228
0.772541
0.772853
0.773166
0.773478
0.773791
0.774103
0.774416
0.774729
0.775041
0.775354
0.775667
0.775980
0.776293
0.776606
0.776918
0.777231
0.777544
0.777857
0.778170
0.778484
0.778797
0.779110
0.779423
0.779736
0.780049
0.780363
0.780676
0.780989
0.781303
0.781616
0.781930
0.782243
0.782557
0.782870
0.783184
0.783497
0.783811
0.784125
0.784438
0.784752
0.785066
0.785380
0.785693
0.786007
0.786321
0.786635
0.786949
0.787263
0.787577
0.787891
0.788206
0.788520
0.788834
0.789148
0.789462
0.789777
0.790091
0.790405
0.790720
0.791034
0.791349
0.791663
0.791978
0.792292
0.792607
0.792922
0.793236
0.793551
0.793866
0.794181
0.794495
0.794810
0.795125
0.795440
0.795755
0.796070
0.796385
0.796700
0.797015
0.797330
0.797646
0.797961
0.798276
0.798591
0.798907
0.799222
0.799537
0.799853
0.800168
0.800484
0.800799
0.801115
0.801431
0.801746
0.802062
0.802378
0.802693
0.803009
0.803325
0.803641
0.803957
0.804273
0.804589
0.804905
0.805221
0.805537
0.805853
0.806169
0.806486
0.806802
0.807118
0.807434
0.807751
0.808067
0.808384
0.808700
0.809017
0.809333
0.809650
0.809966
0.810283
0.810600
0.810917
0.811233
0.811550
0.811867
0.812184
0.812501
0.812818
0.813135
0.813452
0.813769
0.814086
0.814403
0.814720
0.815038
0.815355
0.815672
0.815990
0.816307
0.816624
0.816942
0.817259
0.817577
0.817895
0.818212
0.818530
0.818848
0.819165
0.819483
0.819801
0.820119
0.820437
0.820755
0.821073
0.821391
0.821709
0.822027
0.822345
0.822663
0.822981
0.823300
0.823618
0.823936
0.824255
0.824573
0.824892
0.825210
0.825529
0.825847
0.826166
0.826485
0.826803
0.827122
0.827441
0.827760
0.828079
0.828397
0.828716
0.829035
0.829354
0.829674
0.829993
0.830312
0.830631
0.830950
0.831270
0.831589
0.831908
0.832228
0.832547
0.832867
0.833186
0.833506
0.833825
0.834145
0.834465
0.834784
0.835104
0.835424
0.835744
0.836064
0.836384
0.836704
0.837024
0.837344
0.837664
0.837984
0.838304
0.838624
0.838945
0.839265
0.839585
0.839906
0.840226
0.840547
0.840867
0.841188
0.841509
0.841829
0.842150
0.842471
0.842792
0.843112
0.843433
0.843754
0.844075
0.844396
0.844717
0.845038
0.845359
0.845681
0.846002
0.846323
0.846644
0.846966
0.847287
0.847609
0.847930
0.848252
0.848573
0.848895
0.849216
0.849538
0.849860
0.850182
0.850504
0.850825
0.851147
0.851469
0.851791
0.852113
0.852436
0.852758
0.853080
0.853402
0.853724
0.854047
0.854369
0.854691
0.855014
0.855336
0.855659
0.855982
0.856304
0.856627
0.856950
0.857272
0.857595
0.857918
0.858241
0.858564
0.858887
0.859210
0.859533
0.859856
0.860179
0.860503
0.860826
0.861149
0.861473
0.861796
0.862119
0.862443
0.862766
0.863090
0.863414
0.863737
0.864061
0.864385
0.864709
0.865032
0.865356
0.865680
0.866004
0.866328
0.866653
0.866977
0.867301
0.867625
0.867949
0.868274
0.868598
0.868922
0.869247
0.869571
0.869896
0.870221
0.870545
0.870870
0.871195
0.871520
0.871844
0.872169
0.872494
0.872819
0.873144
0.873469
0.873794
0.874120
0.874445
0.874770
0.875095
0.875421
0.875746
0.876072
0.876397
0.876723
0.877048
0.877374
0.877700
0.878025
0.878351
0.878677
0.879003
0.879329
0.879655
0.879981
0.880307
0.880633
0.880959
0.881285
0.881612
0.881938
0.882264
0.882591
0.882917
0.883244
0.883570
0.883897
0.884224
0.884550
0.884877
0.885204
0.885531
0.885858
0.886185
0.886512
0.886839
0.887166
0.887493
0.887820
0.888147
0.888475
0.888802
0.889129
0.889457
0.889784
0.890112
0.890439
0.890767
0.891095
0.891422
0.891750
0.892078
0.892406
0.892734
0.893062
0.893390
0.893718
0.894046
0.894374
0.894703
0.895031
0.895359
0.895688
0.896016
0.896345
0.896673
0.897002
0.897330
0.897659
0.897988
0.898317
0.898645
0.898974
0.899303
0.899632
0.899961
0.900290
0.900620
0.900949
0.901278
0.901607
0.901937
0.902266
0.902595
0.902925
0.903255
0.903584
0.903914
0.904244
0.904573
0.904903
0.905233
0.905563
0.905893
0.906223
0.906553
0.906883
0.907213
0.907543
0.907874
0.908204
0.908534
0.908865
0.909195
0.909526
0.909857
0.910187
0.910518
0.910849
0.911179
0.911510
0.911841
0.912172
0.912503
0.912834
0.913165
0.913496
0.913828
0.914159
0.914490
0.914822
0.915153
0.915485
0.915816
0.916148
0.916479
0.916811
0.917143
0.917475
0.917806
0.918138
0.918470
0.918802
0.919134
0.919467
0.919799
0.920131
0.920463
0.920796
0.921128
0.921460
0.921793
0.922125
0.922458
0.922791
0.923123
0.923456
0.923789
0.924122
0.924455
0.924788
0.925121
0.925454
0.925787
0.926120
0.926454
0.926787
0.927120
0.927454
0.927787
0.928121
0.928454
0.928788
0.929122
0.929455
0.929789
0.930123
0.930457
0.930791
0.931125
0.931459
0.931793
0.932127
0.932461
0.932796
0.933130
0.933464
0.933799
0.934133
0.934468
0.934803
0.935137
0.935472
0.935807
0.936142
0.936477
0.936812
0.937147
0.937482
0.937817
0.938152
0.938487
0.938822
0.939158
0.939493
0.939829
0.940164
0.940500
0.940835
0.941171
0.941507
0.941843
0.942178
0.942514
0.942850
0.943186
0.943522
0.943859
0.944195
0.944531
0.944867
0.945204
0.945540
0.945877
0.946213
0.946550
0.946886
0.947223
0.947560
0.947897
0.948234
0.948570
0.948907
0.949245
0.949582
0.949919
0.950256
0.950593
0.950931
0.951268
0.951605
0.951943
0.952281
0.952618
0.952956
0.953294
0.953631
0.953969
0.954307
0.954645
0.954983
0.955321
0.955659
0.955998
0.956336
0.956674
0.957012
0.957351
0.957689
0.958028
0.958367
0.958705
0.959044
0.959383
0.959722
0.960060
0.960399
0.960738
0.961077
0.961417
0.961756
0.962095
0.962434
0.962774
0.963113
0.963453
0.963792
0.964132
0.964471
0.964811
0.965151
0.965491
0.965831
0.966171
0.966511
0.966851
0.967191
0.967531
0.967871
0.968212
0.968552
0.968893
0.969233
0.969574
0.969914
0.970255
0.970596
0.970936
0.971277
0.971618
0.971959
0.972300
0.972641
0.972982
0.973324
0.973665
0.974006
0.974348
0.974689
0.975031
0.975372
0.975714
0.976056
0.976397
0.976739
0.977081
0.977423
0.977765
0.978107
0.978449
0.978791
0.979134
0.979476
0.979818
0.980161
0.980503
0.980846
0.981188
0.981531
0.981874
0.982217
0.982559
0.982902
0.983245
0.983588
0.983931
0.984275
0.984618
0.984961
0.985304
0.985648
0.985991
0.986335
0.986678
0.987022
0.987366
0.987710
0.988053
0.988397
0.988741
0.989085
0.989429
0.989774
0.990118
0.990462
0.990806
0.991151
0.991495
0.991840
0.992184
0.992529
0.992874
0.993219
0.993563
0.993908
0.994253
0.994598
0.994943
0.995289
0.995634
0.995979
0.996324
0.996670
0.997015
0.997361
0.997706
0.998052
0.998398
0.998744
0.999090
0.999435
0.999781
1.000000
