    0.10000E-03    0.61657E+03
    0.10202E-03    0.62839E+03
    0.10408E-03    0.64043E+03
    0.10618E-03    0.65271E+03
    0.10833E-03    0.66522E+03
    0.11052E-03    0.67797E+03
    0.11275E-03    0.69097E+03
    0.11503E-03    0.70421E+03
    0.11735E-03    0.71771E+03
    0.11972E-03    0.73146E+03
    0.12214E-03    0.74548E+03
    0.12461E-03    0.75976E+03
    0.12712E-03    0.77432E+03
    0.12969E-03    0.78916E+03
    0.13231E-03    0.80428E+03
    0.13499E-03    0.81969E+03
    0.13771E-03    0.83539E+03
    0.14049E-03    0.85140E+03
    0.14333E-03    0.86771E+03
    0.14623E-03    0.88433E+03
    0.14918E-03    0.90127E+03
    0.15220E-03    0.91853E+03
    0.15527E-03    0.93613E+03
    0.15841E-03    0.95405E+03
    0.16161E-03    0.97232E+03
    0.16487E-03    0.99094E+03
    0.16820E-03    0.10099E+04
    0.17160E-03    0.10293E+04
    0.17507E-03    0.10490E+04
    0.17860E-03    0.10690E+04
    0.18221E-03    0.10895E+04
    0.18589E-03    0.11104E+04
    0.18965E-03    0.11316E+04
    0.19348E-03    0.11533E+04
    0.19739E-03    0.11753E+04
    0.20138E-03    0.11978E+04
    0.20544E-03    0.12207E+04
    0.20959E-03    0.12441E+04
    0.21383E-03    0.12679E+04
    0.21815E-03    0.12921E+04
    0.22255E-03    0.13168E+04
    0.22705E-03    0.13420E+04
    0.23164E-03    0.13677E+04
    0.23632E-03    0.13938E+04
    0.24109E-03    0.14205E+04
    0.24596E-03    0.14476E+04
    0.25093E-03    0.14753E+04
    0.25600E-03    0.15035E+04
    0.26117E-03    0.15322E+04
    0.26645E-03    0.15614E+04
    0.27183E-03    0.15913E+04
    0.27732E-03    0.16216E+04
    0.28292E-03    0.16526E+04
    0.28864E-03    0.16841E+04
    0.29447E-03    0.17163E+04
    0.30042E-03    0.17490E+04
    0.30649E-03    0.17824E+04
    0.31268E-03    0.18164E+04
    0.31899E-03    0.18510E+04
    0.32544E-03    0.18863E+04
    0.33201E-03    0.19222E+04
    0.33872E-03    0.19589E+04
    0.34556E-03    0.19962E+04
    0.35254E-03    0.20342E+04
    0.35966E-03    0.20729E+04
    0.36693E-03    0.21123E+04
    0.37434E-03    0.21525E+04
    0.38190E-03    0.21935E+04
    0.38962E-03    0.22352E+04
    0.39749E-03    0.22777E+04
    0.40552E-03    0.23209E+04
    0.41371E-03    0.23650E+04
    0.42207E-03    0.24099E+04
    0.43060E-03    0.24557E+04
    0.43929E-03    0.25023E+04
    0.44817E-03    0.25497E+04
    0.45722E-03    0.25981E+04
    0.46646E-03    0.26473E+04
    0.47588E-03    0.26974E+04
    0.48550E-03    0.27485E+04
    0.49530E-03    0.28005E+04
    0.50531E-03    0.28535E+04
    0.51552E-03    0.29074E+04
    0.52593E-03    0.29624E+04
    0.53656E-03    0.30183E+04
    0.54739E-03    0.30753E+04
    0.55845E-03    0.31333E+04
    0.56973E-03    0.31924E+04
    0.58124E-03    0.32525E+04
    0.59299E-03    0.33138E+04
    0.60496E-03    0.33761E+04
    0.61719E-03    0.34396E+04
    0.62965E-03    0.35043E+04
    0.64237E-03    0.35701E+04
    0.65535E-03    0.36371E+04
    0.66859E-03    0.37053E+04
    0.68210E-03    0.37747E+04
    0.69588E-03    0.38454E+04
    0.70993E-03    0.39173E+04
    0.72427E-03    0.39906E+04
    0.73891E-03    0.40651E+04
    0.75383E-03    0.41410E+04
    0.76906E-03    0.42182E+04
    0.78460E-03    0.42968E+04
    0.80045E-03    0.43767E+04
    0.81662E-03    0.44581E+04
    0.83311E-03    0.45409E+04
    0.84994E-03    0.46252E+04
    0.86711E-03    0.47109E+04
    0.88463E-03    0.47982E+04
    0.90250E-03    0.48869E+04
    0.92073E-03    0.49772E+04
    0.93933E-03    0.50691E+04
    0.95831E-03    0.51625E+04
    0.97767E-03    0.52576E+04
    0.99742E-03    0.53543E+04
    0.10176E-02    0.54526E+04
    0.10381E-02    0.55526E+04
    0.10591E-02    0.56543E+04
    0.10805E-02    0.57577E+04
    0.11023E-02    0.58629E+04
    0.11246E-02    0.59698E+04
    0.11473E-02    0.60785E+04
    0.11705E-02    0.61890E+04
    0.11941E-02    0.63014E+04
    0.12182E-02    0.64156E+04
    0.12429E-02    0.65317E+04
    0.12680E-02    0.66496E+04
    0.12936E-02    0.67695E+04
    0.13197E-02    0.68914E+04
    0.13464E-02    0.70152E+04
    0.13736E-02    0.71409E+04
    0.14013E-02    0.72687E+04
    0.14296E-02    0.73985E+04
    0.14585E-02    0.75304E+04
    0.14880E-02    0.76643E+04
    0.15180E-02    0.78003E+04
    0.15487E-02    0.79384E+04
    0.15800E-02    0.80787E+04
    0.16119E-02    0.82211E+04
    0.16445E-02    0.83656E+04
    0.16777E-02    0.85123E+04
    0.17116E-02    0.86612E+04
    0.17462E-02    0.88124E+04
    0.17814E-02    0.89657E+04
    0.18174E-02    0.91213E+04
    0.18541E-02    0.92792E+04
    0.18916E-02    0.94393E+04
    0.19298E-02    0.96017E+04
    0.19688E-02    0.97665E+04
    0.20086E-02    0.99335E+04
    0.20491E-02    0.10103E+05
    0.20905E-02    0.10274E+05
    0.21328E-02    0.10449E+05
    0.21758E-02    0.10625E+05
    0.22198E-02    0.10804E+05
    0.22646E-02    0.10985E+05
    0.23104E-02    0.11168E+05
    0.23571E-02    0.11354E+05
    0.24047E-02    0.11542E+05
    0.24533E-02    0.11732E+05
    0.25028E-02    0.11925E+05
    0.25534E-02    0.12120E+05
    0.26050E-02    0.12318E+05
    0.26576E-02    0.12518E+05
    0.27113E-02    0.12720E+05
    0.27660E-02    0.12925E+05
    0.28219E-02    0.13131E+05
    0.28789E-02    0.13340E+05
    0.29371E-02    0.13552E+05
    0.29964E-02    0.13766E+05
    0.30569E-02    0.13981E+05
    0.31187E-02    0.14200E+05
    0.31817E-02    0.14420E+05
    0.32460E-02    0.14642E+05
    0.33115E-02    0.14867E+05
    0.33784E-02    0.15094E+05
    0.34467E-02    0.15322E+05
    0.35163E-02    0.15553E+05
    0.35874E-02    0.15786E+05
    0.36598E-02    0.16021E+05
    0.37338E-02    0.16257E+05
    0.38092E-02    0.16496E+05
    0.38861E-02    0.16736E+05
    0.39646E-02    0.16978E+05
    0.40447E-02    0.17221E+05
    0.41264E-02    0.17467E+05
    0.42098E-02    0.17713E+05
    0.42948E-02    0.17961E+05
    0.43816E-02    0.18211E+05
    0.44701E-02    0.18462E+05
    0.45604E-02    0.18714E+05
    0.46525E-02    0.18967E+05
    0.47465E-02    0.19222E+05
    0.48424E-02    0.19477E+05
    0.49402E-02    0.19733E+05
    0.50400E-02    0.19990E+05
    0.51419E-02    0.20248E+05
    0.52457E-02    0.20506E+05
    0.53517E-02    0.20765E+05
    0.54598E-02    0.21023E+05
    0.55701E-02    0.21282E+05
    0.56826E-02    0.21541E+05
    0.57974E-02    0.21800E+05
    0.59145E-02    0.22059E+05
    0.60340E-02    0.22318E+05
    0.61559E-02    0.22575E+05
    0.62803E-02    0.22833E+05
    0.64072E-02    0.23089E+05
    0.65366E-02    0.23344E+05
    0.66686E-02    0.23598E+05
    0.68033E-02    0.23851E+05
    0.69408E-02    0.24102E+05
    0.70810E-02    0.24351E+05
    0.72240E-02    0.24599E+05
    0.73700E-02    0.24844E+05
    0.75189E-02    0.25087E+05
    0.76708E-02    0.25327E+05
    0.78257E-02    0.25565E+05
    0.79838E-02    0.25799E+05
    0.81451E-02    0.26030E+05
    0.83096E-02    0.26258E+05
    0.84775E-02    0.26482E+05
    0.86488E-02    0.26702E+05
    0.88235E-02    0.26917E+05
    0.90017E-02    0.27129E+05
    0.91836E-02    0.27335E+05
    0.93691E-02    0.27536E+05
    0.95583E-02    0.27732E+05
    0.97514E-02    0.27922E+05
    0.99484E-02    0.28107E+05
    0.10149E-01    0.28285E+05
    0.10354E-01    0.28456E+05
    0.10564E-01    0.28621E+05
    0.10777E-01    0.28779E+05
    0.10995E-01    0.28929E+05
    0.11217E-01    0.29071E+05
    0.11443E-01    0.29206E+05
    0.11675E-01    0.29331E+05
    0.11910E-01    0.29449E+05
    0.12151E-01    0.29557E+05
    0.12397E-01    0.29655E+05
    0.12647E-01    0.29744E+05
    0.12902E-01    0.29823E+05
    0.13163E-01    0.29891E+05
    0.13429E-01    0.29949E+05
    0.13700E-01    0.29996E+05
    0.13977E-01    0.30031E+05
    0.14259E-01    0.30053E+05
    0.14547E-01    0.30066E+05
    0.14841E-01    0.30068E+05
    0.15141E-01    0.30056E+05
    0.15447E-01    0.30023E+05
    0.15759E-01    0.29973E+05
    0.16077E-01    0.29929E+05
    0.16402E-01    0.29910E+05
    0.16734E-01    0.29894E+05
    0.17072E-01    0.29846E+05
    0.17416E-01    0.29750E+05
    0.17768E-01    0.29626E+05
    0.18127E-01    0.29493E+05
    0.18493E-01    0.29352E+05
    0.18867E-01    0.29196E+05
    0.19248E-01    0.29022E+05
    0.19637E-01    0.28838E+05
    0.20034E-01    0.28648E+05
    0.20438E-01    0.28437E+05
    0.20851E-01    0.28184E+05
    0.21272E-01    0.27886E+05
    0.21702E-01    0.27576E+05
    0.22141E-01    0.27283E+05
    0.22588E-01    0.27001E+05
    0.23044E-01    0.26710E+05
    0.23510E-01    0.26399E+05
    0.23985E-01    0.26070E+05
    0.24469E-01    0.25728E+05
    0.24964E-01    0.25379E+05
    0.25468E-01    0.25031E+05
    0.25982E-01    0.24684E+05
    0.26507E-01    0.24326E+05
    0.27043E-01    0.23948E+05
    0.27589E-01    0.23553E+05
    0.28146E-01    0.23150E+05
    0.28715E-01    0.22744E+05
    0.29295E-01    0.22336E+05
    0.29887E-01    0.21924E+05
    0.30490E-01    0.21508E+05
    0.31106E-01    0.21087E+05
    0.31735E-01    0.20661E+05
    0.32376E-01    0.20233E+05
    0.33030E-01    0.19807E+05
    0.33697E-01    0.19385E+05
    0.34378E-01    0.18967E+05
    0.35072E-01    0.18555E+05
    0.35781E-01    0.18149E+05
    0.36504E-01    0.17751E+05
    0.37241E-01    0.17361E+05
    0.37993E-01    0.16981E+05
    0.38761E-01    0.16611E+05
    0.39544E-01    0.16253E+05
    0.40343E-01    0.15906E+05
    0.41158E-01    0.15572E+05
    0.41989E-01    0.15250E+05
    0.42838E-01    0.14941E+05
    0.43703E-01    0.14646E+05
    0.44586E-01    0.14364E+05
    0.45486E-01    0.14094E+05
    0.46405E-01    0.13838E+05
    0.47343E-01    0.13594E+05
    0.48299E-01    0.13362E+05
    0.49275E-01    0.13142E+05
    0.50270E-01    0.12934E+05
    0.51286E-01    0.12736E+05
    0.52322E-01    0.12548E+05
    0.53379E-01    0.12369E+05
    0.54457E-01    0.12197E+05
    0.55557E-01    0.12031E+05
    0.56680E-01    0.11870E+05
    0.57825E-01    0.11711E+05
    0.58993E-01    0.11552E+05
    0.60184E-01    0.11390E+05
    0.61400E-01    0.11225E+05
    0.62641E-01    0.11053E+05
    0.63906E-01    0.10873E+05
    0.65197E-01    0.10685E+05
    0.66514E-01    0.10486E+05
    0.67858E-01    0.10276E+05
    0.69229E-01    0.10054E+05
    0.70627E-01    0.98201E+04
    0.72054E-01    0.95737E+04
    0.73510E-01    0.93143E+04
    0.74994E-01    0.90424E+04
    0.76509E-01    0.87587E+04
    0.78055E-01    0.84648E+04
    0.79632E-01    0.81637E+04
    0.81241E-01    0.78583E+04
    0.82882E-01    0.75527E+04
    0.84556E-01    0.72508E+04
    0.86264E-01    0.69564E+04
    0.88007E-01    0.66730E+04
    0.89785E-01    0.64034E+04
    0.91598E-01    0.61499E+04
    0.93449E-01    0.59142E+04
    0.95337E-01    0.56975E+04
    0.97263E-01    0.55006E+04
    0.99227E-01    0.53239E+04
    0.10123E+00    0.51670E+04
    0.10328E+00    0.50295E+04
    0.10536E+00    0.49103E+04
    0.10749E+00    0.48071E+04
    0.10966E+00    0.47175E+04
    0.11188E+00    0.46374E+04
    0.11414E+00    0.45622E+04
    0.11644E+00    0.44876E+04
    0.11880E+00    0.44095E+04
    0.12120E+00    0.43242E+04
    0.12365E+00    0.42292E+04
    0.12614E+00    0.41224E+04
    0.12869E+00    0.40027E+04
    0.13129E+00    0.38703E+04
    0.13394E+00    0.37257E+04
    0.13665E+00    0.35718E+04
    0.13941E+00    0.34118E+04
    0.14223E+00    0.32499E+04
    0.14510E+00    0.30915E+04
    0.14803E+00    0.29412E+04
    0.15102E+00    0.28029E+04
    0.15407E+00    0.26796E+04
    0.15718E+00    0.25731E+04
    0.16036E+00    0.24828E+04
    0.16360E+00    0.24083E+04
    0.16690E+00    0.23466E+04
    0.17028E+00    0.22941E+04
    0.17371E+00    0.22471E+04
    0.17722E+00    0.22010E+04
    0.18080E+00    0.21516E+04
    0.18446E+00    0.20956E+04
    0.18818E+00    0.20307E+04
    0.19198E+00    0.19563E+04
    0.19586E+00    0.18745E+04
    0.19982E+00    0.17879E+04
    0.20386E+00    0.17005E+04
    0.20797E+00    0.16162E+04
    0.21218E+00    0.15386E+04
    0.21646E+00    0.14701E+04
    0.22083E+00    0.14128E+04
    0.22530E+00    0.13652E+04
    0.22985E+00    0.13250E+04
    0.23449E+00    0.12896E+04
    0.23923E+00    0.12552E+04
    0.24406E+00    0.12186E+04
    0.24899E+00    0.11781E+04
    0.25402E+00    0.11329E+04
    0.25915E+00    0.10837E+04
    0.26439E+00    0.10334E+04
    0.26973E+00    0.98436E+03
    0.27518E+00    0.93896E+03
    0.28074E+00    0.89911E+03
    0.28641E+00    0.86517E+03
    0.29219E+00    0.83544E+03
    0.29810E+00    0.80824E+03
    0.30412E+00    0.78159E+03
    0.31026E+00    0.75359E+03
    0.31653E+00    0.72354E+03
    0.32292E+00    0.69241E+03
    0.32945E+00    0.66126E+03
    0.33610E+00    0.63150E+03
    0.34289E+00    0.60452E+03
    0.34982E+00    0.58064E+03
    0.35689E+00    0.55884E+03
    0.36409E+00    0.53811E+03
    0.37145E+00    0.51762E+03
    0.37895E+00    0.49670E+03
    0.38661E+00    0.47535E+03
    0.39442E+00    0.45450E+03
    0.40239E+00    0.43494E+03
    0.41052E+00    0.41678E+03
    0.41881E+00    0.39989E+03
    0.42727E+00    0.38397E+03
    0.43590E+00    0.36847E+03
    0.44471E+00    0.35298E+03
    0.45369E+00    0.33774E+03
    0.46286E+00    0.32316E+03
    0.47221E+00    0.30944E+03
    0.48174E+00    0.29645E+03
    0.49148E+00    0.28405E+03
    0.50141E+00    0.27211E+03
    0.51153E+00    0.26051E+03
    0.52187E+00    0.24923E+03
    0.53241E+00    0.23843E+03
    0.54317E+00    0.22819E+03
    0.55414E+00    0.21845E+03
    0.56533E+00    0.20907E+03
    0.57675E+00    0.19999E+03
    0.58840E+00    0.19127E+03
    0.60029E+00    0.18295E+03
    0.61242E+00    0.17499E+03
    0.62479E+00    0.16736E+03
    0.63741E+00    0.16003E+03
    0.65029E+00    0.15300E+03
    0.66342E+00    0.14627E+03
    0.67683E+00    0.13983E+03
    0.69050E+00    0.13366E+03
    0.70445E+00    0.12774E+03
    0.71868E+00    0.12207E+03
    0.73320E+00    0.11665E+03
    0.74801E+00    0.11146E+03
    0.76312E+00    0.10648E+03
    0.77854E+00    0.10172E+03
    0.79426E+00    0.97166E+02
    0.81031E+00    0.92804E+02
    0.82668E+00    0.88631E+02
    0.84338E+00    0.84638E+02
    0.86041E+00    0.80818E+02
    0.87780E+00    0.77163E+02
    0.89553E+00    0.73667E+02
    0.91362E+00    0.70324E+02
    0.93208E+00    0.67127E+02
    0.95091E+00    0.64070E+02
    0.97011E+00    0.61148E+02
    0.98971E+00    0.58354E+02
    0.10097E+01    0.55682E+02
    0.10301E+01    0.53129E+02
    0.10509E+01    0.50688E+02
    0.10721E+01    0.48356E+02
    0.10938E+01    0.46127E+02
    0.11159E+01    0.43998E+02
    0.11384E+01    0.41963E+02
    0.11614E+01    0.40020E+02
    0.11849E+01    0.38164E+02
    0.12088E+01    0.36391E+02
    0.12333E+01    0.34698E+02
    0.12582E+01    0.33082E+02
    0.12836E+01    0.31538E+02
    0.13095E+01    0.30064E+02
    0.13360E+01    0.28657E+02
    0.13630E+01    0.27314E+02
    0.13905E+01    0.26032E+02
    0.14186E+01    0.24809E+02
    0.14472E+01    0.23641E+02
    0.14765E+01    0.22527E+02
    0.15063E+01    0.21463E+02
    0.15367E+01    0.20449E+02
    0.15678E+01    0.19481E+02
    0.15994E+01    0.18558E+02
    0.16318E+01    0.17677E+02
    0.16647E+01    0.16837E+02
    0.16984E+01    0.16036E+02
    0.17327E+01    0.15272E+02
    0.17677E+01    0.14544E+02
    0.18034E+01    0.13849E+02
    0.18398E+01    0.13187E+02
    0.18770E+01    0.12556E+02
    0.19149E+01    0.11954E+02
    0.19536E+01    0.11380E+02
    0.19930E+01    0.10833E+02
    0.20333E+01    0.10312E+02
    0.20744E+01    0.98152E+01
    0.21163E+01    0.93419E+01
    0.21590E+01    0.88909E+01
    0.22026E+01    0.84612E+01
    0.22471E+01    0.80518E+01
    0.22925E+01    0.76618E+01
    0.23388E+01    0.72903E+01
    0.23861E+01    0.69364E+01
    0.24343E+01    0.65993E+01
    0.24835E+01    0.62782E+01
    0.25336E+01    0.59724E+01
    0.25848E+01    0.56812E+01
    0.26370E+01    0.54039E+01
    0.26903E+01    0.51399E+01
    0.27447E+01    0.48885E+01
    0.28001E+01    0.46492E+01
    0.28567E+01    0.44214E+01
    0.29144E+01    0.42045E+01
    0.29733E+01    0.39981E+01
    0.30333E+01    0.38016E+01
    0.30946E+01    0.36146E+01
    0.31571E+01    0.34366E+01
    0.32209E+01    0.32672E+01
    0.32860E+01    0.31059E+01
    0.33523E+01    0.29526E+01
    0.34201E+01    0.28066E+01
    0.34892E+01    0.26678E+01
    0.35596E+01    0.25357E+01
    0.36316E+01    0.24100E+01
    0.37049E+01    0.22904E+01
    0.37798E+01    0.21767E+01
    0.38561E+01    0.20685E+01
    0.39340E+01    0.19656E+01
    0.40135E+01    0.18678E+01
    0.40946E+01    0.17747E+01
    0.41773E+01    0.16862E+01
    0.42617E+01    0.16021E+01
    0.43478E+01    0.15220E+01
    0.44356E+01    0.14459E+01
    0.45252E+01    0.13736E+01
    0.46166E+01    0.13048E+01
    0.47099E+01    0.12394E+01
    0.48050E+01    0.11773E+01
    0.49021E+01    0.11182E+01
    0.50011E+01    0.10620E+01
    0.51021E+01    0.10086E+01
    0.52052E+01    0.95787E+00
    0.53104E+01    0.90965E+00
    0.54176E+01    0.86381E+00
    0.55271E+01    0.82025E+00
    0.56387E+01    0.77886E+00
    0.57526E+01    0.73952E+00
    0.58689E+01    0.70215E+00
    0.59874E+01    0.66664E+00
    0.61084E+01    0.63291E+00
    0.62318E+01    0.60085E+00
    0.63577E+01    0.57040E+00
    0.64861E+01    0.54147E+00
    0.66171E+01    0.51399E+00
    0.67508E+01    0.48788E+00
    0.68872E+01    0.46309E+00
    0.70263E+01    0.43954E+00
    0.71682E+01    0.41717E+00
    0.73130E+01    0.39592E+00
    0.74608E+01    0.37575E+00
    0.76115E+01    0.35658E+00
    0.77653E+01    0.33839E+00
    0.79221E+01    0.32111E+00
    0.80822E+01    0.30470E+00
    0.82454E+01    0.28913E+00
    0.84120E+01    0.27434E+00
    0.85819E+01    0.26029E+00
    0.87553E+01    0.24696E+00
    0.89322E+01    0.23430E+00
    0.91126E+01    0.22228E+00
    0.92967E+01    0.21088E+00
    0.94845E+01    0.20005E+00
    0.96761E+01    0.18977E+00
    0.98716E+01    0.18001E+00
    0.10071E+02    0.17075E+00
    0.10274E+02    0.16197E+00
    0.10482E+02    0.15362E+00
    0.10694E+02    0.14571E+00
    0.10910E+02    0.13819E+00
    0.11130E+02    0.13107E+00
    0.11355E+02    0.12430E+00
    0.11584E+02    0.11788E+00
    0.11818E+02    0.11179E+00
    0.12057E+02    0.10601E+00
    0.12301E+02    0.10052E+00
    0.12549E+02    0.95320E-01
    0.12803E+02    0.90383E-01
    0.13061E+02    0.85700E-01
    0.13325E+02    0.81256E-01
    0.13594E+02    0.77041E-01
    0.13869E+02    0.73042E-01
    0.14149E+02    0.69249E-01
    0.14435E+02    0.65651E-01
    0.14727E+02    0.62238E-01
    0.15024E+02    0.59001E-01
    0.15328E+02    0.55931E-01
    0.15637E+02    0.53019E-01
    0.15953E+02    0.50257E-01
    0.16275E+02    0.47638E-01
    0.16604E+02    0.45154E-01
    0.16940E+02    0.42798E-01
    0.17282E+02    0.40564E-01
    0.17631E+02    0.38446E-01
    0.17987E+02    0.36437E-01
    0.18351E+02    0.34532E-01
    0.18721E+02    0.32726E-01
    0.19099E+02    0.31014E-01
    0.19485E+02    0.29390E-01
    0.19879E+02    0.27851E-01
    0.20280E+02    0.26392E-01
    0.20690E+02    0.25008E-01
    0.21108E+02    0.23697E-01
    0.21535E+02    0.22453E-01
    0.21970E+02    0.21274E-01
    0.22413E+02    0.20157E-01
    0.22866E+02    0.19098E-01
    0.23328E+02    0.18094E-01
    0.23799E+02    0.17142E-01
    0.24280E+02    0.16240E-01
    0.24771E+02    0.15385E-01
    0.25271E+02    0.14575E-01
    0.25782E+02    0.13807E-01
    0.26302E+02    0.13079E-01
    0.26834E+02    0.12389E-01
    0.27376E+02    0.11736E-01
    0.27929E+02    0.11116E-01
    0.28493E+02    0.10529E-01
    0.29069E+02    0.99730E-02
    0.29656E+02    0.94459E-02
    0.30255E+02    0.89464E-02
    0.30866E+02    0.84731E-02
    0.31490E+02    0.80247E-02
    0.32126E+02    0.75998E-02
    0.32775E+02    0.71972E-02
    0.33437E+02    0.68158E-02
    0.34112E+02    0.64544E-02
    0.34801E+02    0.61121E-02
    0.35504E+02    0.57877E-02
    0.36222E+02    0.54805E-02
    0.36953E+02    0.51894E-02
    0.37700E+02    0.49137E-02
    0.38462E+02    0.46525E-02
    0.39239E+02    0.44050E-02
    0.40031E+02    0.41707E-02
    0.40840E+02    0.39487E-02
    0.41665E+02    0.37384E-02
    0.42507E+02    0.35392E-02
    0.43365E+02    0.33506E-02
    0.44241E+02    0.31719E-02
    0.45135E+02    0.30027E-02
    0.46047E+02    0.28424E-02
    0.46977E+02    0.26907E-02
    0.47926E+02    0.25469E-02
    0.48894E+02    0.24108E-02
    0.49882E+02    0.22819E-02
    0.50890E+02    0.21598E-02
    0.51918E+02    0.20442E-02
    0.52966E+02    0.19348E-02
    0.54036E+02    0.18311E-02
    0.55128E+02    0.17330E-02
    0.56242E+02    0.16401E-02
    0.57378E+02    0.15521E-02
    0.58537E+02    0.14688E-02
    0.59720E+02    0.13899E-02
    0.60926E+02    0.13152E-02
    0.62157E+02    0.12445E-02
    0.63412E+02    0.11776E-02
    0.64693E+02    0.11142E-02
    0.66000E+02    0.10543E-02
    0.67334E+02    0.99748E-03
    0.68694E+02    0.94372E-03
    0.70082E+02    0.89283E-03
    0.71497E+02    0.84466E-03
    0.72942E+02    0.79907E-03
    0.74415E+02    0.75591E-03
    0.75918E+02    0.71506E-03
    0.77452E+02    0.67639E-03
    0.79017E+02    0.63980E-03
    0.80613E+02    0.60516E-03
    0.82241E+02    0.57238E-03
    0.83903E+02    0.54135E-03
    0.85598E+02    0.51199E-03
    0.87327E+02    0.48420E-03
    0.89091E+02    0.45791E-03
    0.90891E+02    0.43302E-03
    0.92727E+02    0.40947E-03
    0.94600E+02    0.38719E-03
    0.96511E+02    0.36611E-03
    0.98461E+02    0.34615E-03
    0.10045E+03    0.32728E-03
    0.10248E+03    0.30941E-03
    0.10455E+03    0.29251E-03
    0.10666E+03    0.27652E-03
    0.10882E+03    0.26140E-03
    0.11101E+03    0.24708E-03
    0.11326E+03    0.23354E-03
    0.11554E+03    0.22074E-03
    0.11788E+03    0.20862E-03
    0.12026E+03    0.19716E-03
    0.12269E+03    0.18631E-03
    0.12517E+03    0.17606E-03
    0.12770E+03    0.16636E-03
    0.13028E+03    0.15718E-03
    0.13291E+03    0.14850E-03
    0.13559E+03    0.14030E-03
    0.13833E+03    0.13253E-03
    0.14113E+03    0.12519E-03
    0.14398E+03    0.11825E-03
    0.14689E+03    0.11169E-03
    0.14985E+03    0.10548E-03
    0.15288E+03    0.99610E-04
    0.15597E+03    0.94060E-04
    0.15912E+03    0.88812E-04
    0.16233E+03    0.83851E-04
    0.16561E+03    0.79161E-04
    0.16896E+03    0.74727E-04
    0.17237E+03    0.70535E-04
    0.17585E+03    0.66573E-04
    0.17941E+03    0.62828E-04
    0.18303E+03    0.59288E-04
    0.18673E+03    0.55942E-04
    0.19050E+03    0.52780E-04
    0.19435E+03    0.49792E-04
    0.19828E+03    0.46968E-04
    0.20228E+03    0.44300E-04
    0.20637E+03    0.41778E-04
    0.21054E+03    0.39397E-04
    0.21479E+03    0.37146E-04
    0.21913E+03    0.35021E-04
    0.22356E+03    0.33013E-04
    0.22807E+03    0.31116E-04
    0.23268E+03    0.29325E-04
    0.23738E+03    0.27633E-04
    0.24217E+03    0.26036E-04
    0.24707E+03    0.24527E-04
    0.25206E+03    0.23103E-04
    0.25715E+03    0.21759E-04
    0.26234E+03    0.20490E-04
    0.26764E+03    0.19292E-04
    0.27305E+03    0.18162E-04
    0.27857E+03    0.17095E-04
    0.28419E+03    0.16088E-04
    0.28994E+03    0.15139E-04
    0.29579E+03    0.14243E-04
    0.30177E+03    0.13398E-04
    0.30786E+03    0.12601E-04
    0.31408E+03    0.11850E-04
    0.32043E+03    0.11142E-04
    0.32690E+03    0.10474E-04
    0.33351E+03    0.98444E-05
    0.34024E+03    0.92513E-05
    0.34712E+03    0.86924E-05
    0.35413E+03    0.81659E-05
    0.36128E+03    0.76699E-05
    0.36858E+03    0.72029E-05
    0.37603E+03    0.67631E-05
    0.38362E+03    0.63491E-05
    0.39137E+03    0.59594E-05
    0.39928E+03    0.55927E-05
    0.40734E+03    0.52477E-05
    0.41557E+03    0.49231E-05
    0.42397E+03    0.46179E-05
    0.43253E+03    0.43309E-05
    0.44127E+03    0.40611E-05
    0.45019E+03    0.38076E-05
    0.45928E+03    0.35693E-05
    0.46856E+03    0.33456E-05
    0.47802E+03    0.31353E-05
    0.48768E+03    0.29379E-05
    0.49753E+03    0.27525E-05
